// L1 - zadnja
-7.25 1.0  -4.0 0.0 1.0
-7.25 -0.5  -4.0 0.0 0.0
7.25  -0.5 -4.0 1.5 0.0

-7.25  1.0  -4.0 0.0 1.0
7.25 1.0  -4.0 1.5 1.0
7.25 -0.5  -4.0 1.5 0.0

// zgornja
-7.25 1.0  -4.0 0.0 6.0
-7.25 1.0 -3.75 0.0 0.0
7.25 1.0 -3.75 6.0 0.0

-7.25 1.0  -4.0 0.0 6.0
7.25 1.0  -4.0 6.0 6.0
7.25 1.0 -3.75 6.0 0.0

// leva stranska
-7.25 1.0  -3.75 0.0 1.0
-7.25 1.0  -4.0 0.0 1.0
-7.25 -0.5  -4.0 0.0 1.0

-7.25 1.0  -3.75 0.0 1.0
-7.25 -0.5  -3.75 0.0 1.0
-7.25 -0.5  -4.0 0.0 1.0

// desna stranska
7.25 1.0  -4.0 1.5 1.0
7.25  -0.5 -4.0 1.5 0.0
7.25  -0.5 -3.75 1.5 0.0

7.25 1.0  -4.0 1.5 1.0
7.25 1.0 -3.75 -1.5 -1.0
7.25  -0.5 -3.75 1.5 0.0

//sprednja
-7.25 1.0  -3.75 0.0 1.0
-7.25 -0.5  -3.75 0.0 0.0
7.25  -0.5 -3.75 1.5 0.0

-7.25  1.0  -3.75 0.0 1.0
7.25 1.0  -3.75 1.5 1.0
7.25 -0.5  -3.75 1.5 0.0

// L2 desna
7.25 1.0 -4.0 1.0 1.0
7.25 -0.5 -4.0 1.0 1.0
7.25 -0.5 4.0 1.0 1.0

7.25 1.0 -4.0 1.0 1.0
7.25 1.0 4.0 1.0 1.0
7.25 -0.5 4.0 1.0 1.0

// leva
7.00 1.0 -4.0 1.0 1.0
7.00 -0.5 -4.0 1.0 1.0
7.00 -0.5 4.0 1.0 1.0

7.00 1.0 -4.0 1.0 1.0
7.00 1.0 4.0 1.0 1.0
7.00 -0.5 4.0 1.0 1.0

// zgori
7.25 1.0 -4.0 1.0 1.0
7.00 1.0 -4.0 1.0 1.0
7.00 1.0 4.0 1.0 1.0

7.25 1.0 -4.0 1.0 1.0
7.25 1.0 4.0 1.0 1.0
7.00 1.0 4.0 1.0 1.0

// L3 zadnja
-7.25 1.0  4.0 0.0 1.0
-7.25 -0.5  4.0 0.0 0.0
7.25  -0.5 4.0 1.5 0.0

-7.25  1.0  4.0 0.0 1.0
7.25 1.0  4.0 1.5 1.0
7.25 -0.5  4.0 1.5 0.0

// zgornja
-7.25 1.0  4.0 0.0 6.0
-7.25 1.0 3.75 0.0 0.0
7.25 1.0 3.75 6.0 0.0

-7.25 1.0  4.0 0.0 6.0
7.25 1.0  4.0 6.0 6.0
7.25 1.0 3.75 6.0 0.0

// sprednja
-7.25 1.0  3.75 0.0 1.0
-7.25 -0.5  3.75 0.0 0.0
7.25  -0.5 3.75 1.5 0.0

-7.25  1.0  3.75 0.0 1.0
7.25 1.0  3.75 1.5 1.0
7.25 -0.5  3.75 1.5 0.0

// L4 desna
-7.25 1.0 -4.0 1.0 1.0
-7.25 -0.5 -4.0 1.0 1.0
-7.25 -0.5 4.0 1.0 1.0

-7.25 1.0 -4.0 1.0 1.0
-7.25 1.0 4.0 1.0 1.0
-7.25 -0.5 4.0 1.0 1.0

// leva
-7.00 1.0 -4.0 1.0 1.0
-7.00 -0.5 -4.0 1.0 1.0
-7.00 -0.5 4.0 1.0 1.0

-7.00 1.0 -4.0 1.0 1.0
-7.00 1.0 4.0 1.0 1.0
-7.00 -0.5 4.0 1.0 1.0

// zg
-7.25 1.0 -4.0 1.0 1.0
-7.00 1.0 -4.0 1.0 1.0
-7.00 1.0 4.0 1.0 1.0

-7.25 1.0 -4.0 1.0 1.0
-7.25 1.0 4.0 1.0 1.0
-7.00 1.0 4.0 1.0 1.0