


// level 3 vodoravna 15 zg
-0.25 1.0  0.75 0.0 6.0
-0.25 1.0 1.0 0.0 0.0
3.75  1.0 1.0 6.0 0.0

-0.25 1.0  0.75 0.0 6.0
3.75  1.0  0.75 6.0 6.0
3.75   1.0  0.75 6.0 6.0
3.75   1.0 1.0 6.0 0.0



// level 3 vodoravna 12 zg
1.0 1.0  -0.25 0.0 6.0
1.0 1.0 0.0 0.0 0.0
3.75 1.0 0.0 6.0 0.0

1.0 1.0  -0.25 0.0 6.0
3.75 1.0  -0.25 6.0 6.0
3.75 1.0 0.0 6.0 0.0



// level 3 vodoravna 21 zg
-1.5 1.0  3.0 0.0 6.0
-1.5 1.0 3.25 0.0 0.0
1.75  1.0 3.25 6.0 0.0

-1.5 1.0  3.0 0.0 6.0
1.75  1.0  3.0 6.0 6.0
1.75  1.0 3.25 6.0 0.0




// level 1 vodoravna 2
-2.0 1.0  -2.75 0.0 1.0
-2.0 -0.5  -2.75 0.0 0.0
-0.75  -0.5 -2.75 1.5 0.0

-2.0  1.0  -2.75 0.0 1.0
-0.75 1.0  -2.75 1.5 1.0
-0.75 -0.5  -2.75 1.5 0.0

// level 1 vodoravna 2
-2.0 1.0  -2.5 0.0 1.0
-2.0 -0.5  -2.5 0.0 0.0
-0.75  -0.5 -2.5 1.5 0.0

-2.0  1.0  -2.5 0.0 1.0
-0.75 1.0  -2.5 1.5 1.0
-0.75 -0.5  -2.5 1.5 0.0

// level 1 vodoravna 2 zg
-2.0 1.0  -2.75 0.0 6.0
-2.0 1.0 -2.5 0.0 0.0
-0.75 1.0 -2.5 6.0 0.0

-2.0 1.0  -2.75 0.0 6.0
-0.75 1.0  -2.75 6.0 6.0
-0.75 1.0 -2.5 6.0 0.0

// level 1 vodoravna 3
2.5 1.0  -2.75 0.0 1.0
2.5 -0.5  -2.75 0.0 0.0
3.75  -0.5 -2.75 1.5 0.0

2.5  1.0  -2.75 0.0 1.0
3.75 1.0  -2.75 1.5 1.0
3.75 -0.5  -2.75 1.5 0.0

// level 1 vodoravna 3
2.5 1.0  -2.5 0.0 1.0
2.5 -0.5  -2.5 0.0 0.0
3.75  -0.5 -2.5 1.5 0.0

2.5  1.0  -2.5 0.0 1.0
3.75 1.0  -2.5 1.5 1.0
3.75 -0.5  -2.5 1.5 0.0

// level 1 vodoravna 3 zg
2.5 1.0  -2.75 0.0 6.0
2.5 1.0 -2.5 0.0 0.0
3.75 1.0 -2.5 6.0 0.0

2.5 1.0  -2.75 0.0 6.0
3.75 1.0  -2.75 6.0 6.0
3.75 1.0 -2.5 6.0 0.0



// level 3 vodoravna 6
-6.25 1.0  -1.5 0.0 1.0
-6.25 -0.5  -1.5 0.0 0.0
-5.0  -0.5 -1.5 1.5 0.0

-6.25  1.0  -1.5 0.0 1.0
-5.0 1.0  -1.5 1.5 1.0
-5.0 -0.5  -1.5 1.5 0.0

// level 3 vodoravna 6
-6.25 1.0  -1.25 0.0 1.0
-6.25 -0.5  -1.25 0.0 0.0
-5.0  -0.5 -1.25 1.5 0.0

-6.25  1.0  -1.25 0.0 1.0
-5.0 1.0  -1.25 1.5 1.0
-5.0 -0.5  -1.25 1.5 0.0

// level 3 vodoravna 6 zg
-6.25 1.0  -1.5 0.0 6.0
-6.25 1.0 -1.25 0.0 0.0
-5.0 1.0 -1.25 6.0 0.0

-6.25 1.0  -1.5 0.0 6.0
-5.0 1.0  -1.5 6.0 6.0
-5.0 1.0 -1.25 6.0 0.0

// level 2 vodoravna 5
0.25 1.0  -2.5 0.0 1.0
0.25 -0.5  -2.5 0.0 0.0
1.25  -0.5 -2.5 1.5 0.0

0.25  1.0  -2.5 0.0 1.0
1.25 1.0  -2.5 1.5 1.0
1.25 -0.5  -2.5 1.5 0.0

// level 2 vodoravna 5
0.25 1.0  -2.25 0.0 1.0
0.25 -0.5  -2.25 0.0 0.0
1.25  -0.5 -2.25 1.5 0.0

0.25  1.0  -2.25 0.0 1.0
1.25 1.0  -2.25 1.5 1.0
1.25 -0.5  -2.25 1.5 0.0

// level 2 vodoravna 5 zg
0.25 1.0  -2.5 0.0 6.0
0.25 1.0 -2.25 0.0 0.0
1.25 1.0 -2.25 6.0 0.0

0.25 1.0  -2.5 0.0 6.0
1.25 1.0  -2.5 6.0 6.0
1.25 1.0 -2.25 6.0 0.0

// level 3 vodoravna 7
-4.0 1.0  -1.5 0.0 1.0
-4.0 -0.5  -1.5 0.0 0.0
-1.75  -0.5 -1.5 1.5 0.0

-4.0  1.0  -1.5 0.0 1.0
-1.75 1.0  -1.5 1.5 1.0
-1.75 -0.5  -1.5 1.5 0.0

// level 3 vodoravna 7
-4.0 1.0  -1.25 0.0 1.0
-4.0 -0.5  -1.25 0.0 0.0
-1.75  -0.5 -1.25 1.5 0.0

-4.0  1.0  -1.25 0.0 1.0
-1.75 1.0  -1.25 1.5 1.0
-1.75 -0.5  -1.25 1.5 0.0

// level 3 vodoravna 7 zg
-4.0 1.0  -1.5 0.0 6.0
-4.0 1.0 -1.25 0.0 0.0
-1.75 1.0 -1.25 6.0 0.0

-4.0 1.0  -1.5 0.0 6.0
-1.75 1.0  -1.5 6.0 6.0
-1.75 1.0 -1.25 6.0 0.0

// level 3 vodoravna 8
1.25 1.0  -1.5 0.0 1.0
1.25 -0.5  -1.5 0.0 0.0
7.0 -0.5 -1.5 1.5 0.0

1.25  1.0  -1.5 0.0 1.0
7.0  1.0  -1.5 1.5 1.0
7.0  -0.5  -1.5 1.5 0.0

// level 3 vodoravna 8
1.25 1.0  -1.25 0.0 1.0
1.25 -0.5  -1.25 0.0 0.0
7.0  -0.5 -1.25 1.5 0.0

1.25  1.0  -1.25 0.0 1.0
7.0  1.0  -1.25 1.5 1.0
7.0  -0.5  -1.25 1.5 0.0

// level 3 vodoravna 8 zg
1.25 1.0  -1.5 0.0 6.0
1.25 1.0 -1.25 0.0 0.0
7.0  1.0 -1.25 6.0 0.0

1.25 1.0  -1.5 0.0 6.0
7.0  1.0  -1.5 6.0 6.0
7.0  1.0 -1.25 6.0 0.0





















// level 3 vodoravna 9
-0.75 1.0  -1.25 0.0 1.0
-0.75 -0.5  -1.25 0.0 0.0
0.5  -0.5 -1.25 1.25 0.0

-0.75  1.0  -1.25 0.0 1.0
0.5 1.0  -1.25 1.25 1.0
0.5 -0.5  -1.25 1.25 0.0

// level 3 vodoravna 9
-0.75 1.0  -1.0 0.0 1.0
-0.75 -0.5  -1.0 0.0 0.0
0.5  -0.5 -1.0 1.5 0.0

-0.75  1.0  -1.0 0.0 1.0
0.5  1.0  -1.0 1.5 1.0
0.5  -0.5  -1.0 1.5 0.0

// level 3 vodoravna 9 zg
-0.75 1.0  -1.25 0.0 6.0
-0.75 1.0 -1.0 0.0 0.0
0.5  1.0 -1.0 6.0 0.0

-0.75 1.0  -1.25 0.0 6.0
0.5  1.0 -1.25 6.0 6.0
0.5  1.0 -1.0 6.0 0.0





















