// L1 - zadnja
-7.25 1.0  -4.0
-7.25 -0.5  -4.0 
7.25  -0.5 -4.0 

-7.25  1.0  -4.0
7.25 1.0  -4.0 
7.25 -0.5  -4.0

// zgornja
-7.25 1.0  -4.0
-7.25 1.0 -3.75
7.25 1.0 -3.75 

-7.25 1.0  -4.0
7.25 1.0  -4.0 
7.25 1.0 -3.75 

// leva stranska
-7.25 1.0  -3.75 
-7.25 1.0  -4.0 
-7.25 -0.5  -4.0 

-7.25 1.0  -3.75 
-7.25 -0.5  -3.75 
-7.25 -0.5  -4.0 

// desna stranska
7.25 1.0  -4.0 
7.25  -0.5 -4.0 
7.25  -0.5 -3.75 

7.25 1.0  -4.0 
7.25 1.0 -3.75 
7.25  -0.5 -3.75 

//sprednja
-7.25 1.0  -3.75 
-7.25 -0.5  -3.75 
7.25  -0.5 -3.75 

-7.25  1.0  -3.75 
7.25 1.0  -3.75 
7.25 -0.5  -3.75