

// level 1 vodoravna 1
-6.25 1.0  -2.75 0.0 1.0
-6.25 -0.5  -2.75 0.0 0.0
-3.0  -0.5 -2.75 1.5 0.0

-6.25  1.0  -2.75 0.0 1.0
-3.0 1.0  -2.75 1.5 1.0
-3.0 -0.5  -2.75 1.5 0.0

// level 1 vodoravna 1
-6.25 1.0  -2.5 0.0 1.0
-6.25 -0.5  -2.5 0.0 0.0
-3.0  -0.5 -2.5 1.5 0.0

-6.25  1.0  -2.5 0.0 1.0
-3.0 1.0  -2.5 1.5 1.0
-3.0 -0.5  -2.5 1.5 0.0

// level 1 vodoravna 1 zg
-6.25 1.0  -2.75 0.0 6.0
-6.25 1.0 -2.5 0.0 0.0
-3.0 1.0 -2.5 6.0 0.0

-6.25 1.0  -2.75 0.0 6.0
-3.0 1.0  -2.75 6.0 6.0
-3.0 1.0 -2.5 6.0 0.0





// level 1 vodoravna 4
4.75 1.0  -2.75 0.0 1.0
4.75 -0.5  -2.75 0.0 0.0
5.75  -0.5 -2.75 1.5 0.0

4.75  1.0  -2.75 0.0 1.0
5.75 1.0  -2.75 1.5 1.0
5.75 -0.5  -2.75 1.5 0.0

// level 1 vodoravna 4
4.75 1.0  -2.5 0.0 1.0
4.75 -0.5  -2.5 0.0 0.0
5.75  -0.5 -2.5 1.5 0.0

4.75  1.0  -2.5 0.0 1.0
5.75 1.0  -2.5 1.5 1.0
5.75 -0.5  -2.5 1.5 0.0

// level 1 vodoravna 4 zg
4.75 1.0  -2.75 0.0 6.0
4.75 1.0 -2.5 0.0 0.0
5.75 1.0 -2.5 6.0 0.0

4.75 1.0  -2.75 0.0 6.0
5.75 1.0  -2.75 6.0 6.0
5.75 1.0 -2.5 6.0 0.0








// level 3 vodoravna 10
-7.0 1.0  -0.25 0.0 1.0
-7.0 -0.5  -0.25 0.0 0.0
-3.75 -0.5 -0.25 1.5 0.0

-7.0  1.0  -0.25 0.0 1.0
-3.75  1.0  -0.25 1.5 1.0
-3.75  -0.5  -0.25 1.5 0.0

// level 3 vodoravna 10
-7.0 1.0  0.0 0.0 1.0
-7.0 -0.5  0.0 0.0 0.0
-3.75  -0.5 0.0 1.5 0.0

-7.0  1.0  0.0 0.0 1.0
-3.75  1.0  0.0 1.5 1.0
-3.75  -0.5  0.0 1.5 0.0

// level 3 vodoravna 10 zg
-7.0 1.0  -0.25 0.0 6.0
-7.0 1.0 0.0 0.0 0.0
-3.75  1.0 0.0 6.0 0.0

-7.0 1.0  -0.25 0.0 6.0
-3.75  1.0  -0.25 6.0 6.0
-3.75  1.0 0.0 6.0 0.0



// level 3 vodoravna 11
-1.75 1.0  -0.25 0.0 1.0
-1.75 -0.5  -0.25 0.0 0.0
-0.5 -0.5 -0.25 1.5 0.0

-1.75  1.0  -0.25 0.0 1.0
-0.5  1.0  -0.25 1.5 1.0
-0.5  -0.5  -0.25 1.5 0.0

// level 3 vodoravna 11
-1.75 1.0  0.0 0.0 1.0
-1.75 -0.5  0.0 0.0 0.0
-0.5  -0.5 0.0 1.5 0.0

-1.75  1.0  0.0 0.0 1.0
-0.5  1.0  0.0 1.5 1.0
-0.5  -0.5  0.0 1.5 0.0

// level 3 vodoravna 11 zg
-1.75 1.0  -0.25 0.0 6.0
-1.75 1.0 0.0 0.0 0.0
-0.5  1.0 0.0 6.0 0.0


-1.75 1.0  -0.25 0.0 6.0
-0.5  1.0  -0.25 6.0 6.0
-0.5  1.0 0.0 6.0 0.0

// level 3 vodoravna 9
-0.75 1.0  -1.25 0.0 1.0
-0.75 -0.5  -1.25 0.0 0.0
0.5  -0.5 -1.25 1.25 0.0

-0.75  1.0  -1.25 0.0 1.0
0.5 1.0  -1.25 1.25 1.0
0.5 -0.5  -1.25 1.25 0.0

// level 3 vodoravna 9
-0.75 1.0  -1.0 0.0 1.0
-0.75 -0.5  -1.0 0.0 0.0
0.5  -0.5 -1.0 1.5 0.0

-0.75  1.0  -1.0 0.0 1.0
0.5  1.0  -1.0 1.5 1.0
0.5  -0.5  -1.0 1.5 0.0

// level 3 vodoravna 9 zg
-0.75 1.0  -1.25 0.0 6.0
-0.75 1.0 -1.0 0.0 0.0
0.5  1.0 -1.0 6.0 0.0

-0.75 1.0  -1.25 0.0 6.0
0.5  1.0 -1.25 6.0 6.0
0.5  1.0 -1.0 6.0 0.0

// level 3 vodoravna 11
-1.75 1.0  -0.25 0.0 1.0
-1.75 -0.5  -0.25 0.0 0.0
-0.5 -0.5 -0.25 1.5 0.0

-1.75  1.0  -0.25 0.0 1.0
-0.5  1.0  -0.25 1.5 1.0
-0.5  -0.5  -0.25 1.5 0.0

// level 3 vodoravna 11
-1.75 1.0  0.0 0.0 1.0
-1.75 -0.5  0.0 0.0 0.0
-0.5  -0.5 0.0 1.5 0.0

-1.75  1.0  0.0 0.0 1.0
-0.5  1.0  0.0 1.5 1.0
-0.5  -0.5  0.0 1.5 0.0

// level 3 vodoravna 11 zg
-1.75 1.0  -0.25 0.0 6.0
-1.75 1.0 0.0 0.0 0.0
-0.5  1.0 0.0 6.0 0.0


-1.75 1.0  -0.25 0.0 6.0
-0.5  1.0  -0.25 6.0 6.0
-0.5  1.0 0.0 6.0 0.0





// level 3 vodoravna 14
-2.75 1.0  0.75 0.0 1.0
-2.75 -0.5  0.75 0.0 0.0
-1.5 -0.5 0.75 1.5 0.0

-2.75  1.0  0.75 0.0 1.0
-1.5  1.0  0.75 1.5 1.0
-1.5  -0.5  0.75 1.5 0.0

// level 3 vodoravna 14
-2.75 1.0  1.0 0.0 1.0
-2.75 -0.5  1.0 0.0 0.0
-1.5  -0.5 1.0 1.5 0.0

-2.75  1.0  1.0 0.0 1.0
-1.5 1.0  1.0 1.5 1.0
-1.5  -0.5  1.0 1.5 0.0

// level 3 vodoravna 14 zg
-2.75 1.0  0.75 0.0 6.0
-2.75 1.0 1.0 0.0 0.0
-1.5  1.0 1.0 6.0 0.0

-2.75 1.0  0.75 0.0 6.0
-1.5  1.0  0.75 6.0 6.0
-1.5  1.0 1.0 6.0 0.0









/





// L1 - zadnja
-7.25 1.0  -4.0 0.0 1.0
-7.25 -0.5  -4.0 0.0 0.0
7.25  -0.5 -4.0 1.5 0.0

-7.25  1.0  -4.0 0.0 1.0
7.25 1.0  -4.0 1.5 1.0
7.25 -0.5  -4.0 1.5 0.0

// zgornja
-7.25 1.0  -4.0 0.0 6.0
-7.25 1.0 -3.75 0.0 0.0
7.25 1.0 -3.75 6.0 0.0

-7.25 1.0  -4.0 0.0 6.0
7.25 1.0  -4.0 6.0 6.0
7.25 1.0 -3.75 6.0 0.0

// leva stranska
-7.25 1.0  -3.75 0.0 1.0
-7.25 1.0  -4.0 0.0 1.0
-7.25 -0.5  -4.0 0.0 1.0

-7.25 1.0  -3.75 0.0 1.0
-7.25 -0.5  -3.75 0.0 1.0
-7.25 -0.5  -4.0 0.0 1.0

// desna stranska
7.25 1.0  -4.0 1.5 1.0
7.25  -0.5 -4.0 1.5 0.0
7.25  -0.5 -3.75 1.5 0.0

7.25 1.0  -4.0 1.5 1.0
7.25 1.0 -3.75 -1.5 -1.0
7.25  -0.5 -3.75 1.5 0.0

//sprednja
-7.25 1.0  -3.75 0.0 1.0
-7.25 -0.5  -3.75 0.0 0.0
7.25  -0.5 -3.75 1.5 0.0

-7.25  1.0  -3.75 0.0 1.0
7.25 1.0  -3.75 1.5 1.0
7.25 -0.5  -3.75 1.5 0.0

// L2 desna
7.25 1.0 -4.0 1.0 1.0
7.25 -0.5 -4.0 1.0 1.0
7.25 -0.5 4.0 1.0 1.0

7.25 1.0 -4.0 1.0 1.0
7.25 1.0 4.0 1.0 1.0
7.25 -0.5 4.0 1.0 1.0

// leva
7.00 1.0 -4.0 1.0 1.0
7.00 -0.5 -4.0 1.0 1.0
7.00 -0.5 4.0 1.0 1.0

7.00 1.0 -4.0 1.0 1.0
7.00 1.0 4.0 1.0 1.0
7.00 -0.5 4.0 1.0 1.0

// zgori
7.25 1.0 -4.0 1.0 1.0
7.00 1.0 -4.0 1.0 1.0
7.00 1.0 4.0 1.0 1.0

7.25 1.0 -4.0 1.0 1.0
7.25 1.0 4.0 1.0 1.0
7.00 1.0 4.0 1.0 1.0

// L3 zadnja
-7.25 1.0  4.0 0.0 1.0
-7.25 -0.5  4.0 0.0 0.0
7.25  -0.5 4.0 1.5 0.0

-7.25  1.0  4.0 0.0 1.0
7.25 1.0  4.0 1.5 1.0
7.25 -0.5  4.0 1.5 0.0

// zgornja
-7.25 1.0  4.0 0.0 6.0
-7.25 1.0 3.75 0.0 0.0
7.25 1.0 3.75 6.0 0.0

-7.25 1.0  4.0 0.0 6.0
7.25 1.0  4.0 6.0 6.0
7.25 1.0 3.75 6.0 0.0

// sprednja
-7.25 1.0  3.75 0.0 1.0
-7.25 -0.5  3.75 0.0 0.0
7.25  -0.5 3.75 1.5 0.0

-7.25  1.0  3.75 0.0 1.0
7.25 1.0  3.75 1.5 1.0
7.25 -0.5  3.75 1.5 0.0

// L4 desna
-7.25 1.0 -4.0 1.0 1.0
-7.25 -0.5 -4.0 1.0 1.0
-7.25 -0.5 4.0 1.0 1.0

-7.25 1.0 -4.0 1.0 1.0
-7.25 1.0 4.0 1.0 1.0
-7.25 -0.5 4.0 1.0 1.0

// leva
-7.00 1.0 -4.0 1.0 1.0
-7.00 -0.5 -4.0 1.0 1.0
-7.00 -0.5 4.0 1.0 1.0

-7.00 1.0 -4.0 1.0 1.0
-7.00 1.0 4.0 1.0 1.0
-7.00 -0.5 4.0 1.0 1.0

// zg
-7.25 1.0 -4.0 1.0 1.0
-7.00 1.0 -4.0 1.0 1.0
-7.00 1.0 4.0 1.0 1.0

-7.25 1.0 -4.0 1.0 1.0
-7.25 1.0 4.0 1.0 1.0
-7.00 1.0 4.0 1.0 1.0