// L1 - zadnja
-7.25 1.0  -4.0 0.0 1.0
-7.25 -0.5  -4.0 0.0 0.0
7.25  -0.5 -4.0 1.5 0.0

-7.25  1.0  -4.0 0.0 1.0
7.25 1.0  -4.0 1.5 1.0
7.25 -0.5  -4.0 1.5 0.0

// zgornja
-7.25 1.0  -4.0 0.0 6.0
-7.25 1.0 -3.75 0.0 0.0
7.25 1.0 -3.75 6.0 0.0

-7.25 1.0  -4.0 0.0 6.0
7.25 1.0  -4.0 6.0 6.0
7.25 1.0 -3.75 6.0 0.0

// leva stranska
-7.25 1.0  -3.75 0.0 1.0
-7.25 1.0  -4.0 0.0 1.0
-7.25 -0.5  -4.0 0.0 1.0

-7.25 1.0  -3.75 0.0 1.0
-7.25 -0.5  -3.75 0.0 1.0
-7.25 -0.5  -4.0 0.0 1.0

// desna stranska
7.25 1.0  -4.0 1.5 1.0
7.25  -0.5 -4.0 1.5 0.0
7.25  -0.5 -3.75 1.5 0.0

7.25 1.0  -4.0 1.5 1.0
7.25 1.0 -3.75 -1.5 -1.0
7.25  -0.5 -3.75 1.5 0.0

//sprednja
-7.25 1.0  -3.75 0.0 1.0
-7.25 -0.5  -3.75 0.0 0.0
7.25  -0.5 -3.75 1.5 0.0

-7.25  1.0  -3.75 0.0 1.0
7.25 1.0  -3.75 1.5 1.0
7.25 -0.5  -3.75 1.5 0.0

// L2 desna
7.25 1.0 -4.0 1.0 1.0
7.25 -0.5 -4.0 1.0 1.0
7.25 -0.5 4.0 1.0 1.0

7.25 1.0 -4.0 1.0 1.0
7.25 1.0 4.0 1.0 1.0
7.25 -0.5 4.0 1.0 1.0

// leva
7.00 1.0 -4.0 1.0 1.0
7.00 -0.5 -4.0 1.0 1.0
7.00 -0.5 4.0 1.0 1.0

7.00 1.0 -4.0 1.0 1.0
7.00 1.0 4.0 1.0 1.0
7.00 -0.5 4.0 1.0 1.0

// zgori
7.25 1.0 -4.0 1.0 1.0
7.00 1.0 -4.0 1.0 1.0
7.00 1.0 4.0 1.0 1.0

7.25 1.0 -4.0 1.0 1.0
7.25 1.0 4.0 1.0 1.0
7.00 1.0 4.0 1.0 1.0

// L3 zadnja
-7.25 1.0  4.0 0.0 1.0
-7.25 -0.5  4.0 0.0 0.0
7.25  -0.5 4.0 1.5 0.0

-7.25  1.0  4.0 0.0 1.0
7.25 1.0  4.0 1.5 1.0
7.25 -0.5  4.0 1.5 0.0

// zgornja
-7.25 1.0  4.0 0.0 6.0
-7.25 1.0 3.75 0.0 0.0
7.25 1.0 3.75 6.0 0.0

-7.25 1.0  4.0 0.0 6.0
7.25 1.0  4.0 6.0 6.0
7.25 1.0 3.75 6.0 0.0

// sprednja
-7.25 1.0  3.75 0.0 1.0
-7.25 -0.5  3.75 0.0 0.0
7.25  -0.5 3.75 1.5 0.0

-7.25  1.0  3.75 0.0 1.0
7.25 1.0  3.75 1.5 1.0
7.25 -0.5  3.75 1.5 0.0

// L4 desna
-7.25 1.0 -4.0 1.0 1.0
-7.25 -0.5 -4.0 1.0 1.0
-7.25 -0.5 4.0 1.0 1.0

-7.25 1.0 -4.0 1.0 1.0
-7.25 1.0 4.0 1.0 1.0
-7.25 -0.5 4.0 1.0 1.0

// leva
-7.00 1.0 -4.0 1.0 1.0
-7.00 -0.5 -4.0 1.0 1.0
-7.00 -0.5 4.0 1.0 1.0

-7.00 1.0 -4.0 1.0 1.0
-7.00 1.0 4.0 1.0 1.0
-7.00 -0.5 4.0 1.0 1.0

// zg
-7.25 1.0 -4.0 1.0 1.0
-7.00 1.0 -4.0 1.0 1.0
-7.00 1.0 4.0 1.0 1.0

-7.25 1.0 -4.0 1.0 1.0
-7.25 1.0 4.0 1.0 1.0
-7.00 1.0 4.0 1.0 1.0











// navpicna 36
-2.75 1.0 0.75 1.0 1.0
-2.75 -0.5 0.75  1.0 1.0
-2.75 -0.5 3.0 1.0 1.0

-2.75 1.0 0.75  1.0 1.0
-2.75 1.0 3.0 1.0 1.0
-2.75 -0.5 3.0 1.0 1.0

// navpicna 36
-2.5 1.0 0.75  1.0 1.0
-2.5 -0.5 0.75  1.0 1.0
-2.5 -0.5 3.0 1.0 1.0

-2.5 1.0 0.75  1.0 1.0
-2.5 1.0 3.0 1.0 1.0
-2.5 -0.5 3.0 1.0 1.0

// navpicna 36 zg 
-2.5 1.0 0.75 1.0 1.0
-2.75 1.0 0.75 1.0 1.0
-2.75 1.0 3.0 1.0 1.0

-2.5 1.0 0.75  1.0 1.0
-2.5 1.0 3.0 1.0 1.0
-2.75 1.0 3.0 1.0 1.0

// navpicna 36 sprednja
-2.5 1.0 3.0 1.0 1.0
-2.5 -0.5 3.0 1.0 1.0
-2.75 -0.5 3.0 1.0 1.0

-2.5 1.0 3.0 1.0 1.0
-2.75 1.0 3.0 1.0 1.0
-2.75 -0.5 3.0 1.0 1.0

// level 3 vodoravna 17
-2.75 1.0  2.0 0.0 1.0
-2.75 -0.5  2.0 0.0 0.0
2.75 -0.5 2.0 1.5 0.0

-2.75  1.0  2.0 0.0 1.0
2.75  1.0  2.0 1.5 1.0
2.75  -0.5  2.0 1.5 0.0

// level 3 vodoravna 17
-2.75 1.0  1.75 0.0 1.0
-2.75 -0.5  1.75 0.0 0.0
2.75  -0.5 1.75 1.5 0.0

-2.75  1.0  1.75 0.0 1.0
2.75  1.0  1.75 1.5 1.0
2.75  -0.5  1.75 1.5 0.0

// level 3 vodoravna 17 zg
-2.75 1.0  1.75 0.0 6.0
-2.75 1.0 2.0 0.0 0.0
2.75  1.0 2.0 6.0 0.0

-2.75 1.0  1.75 0.0 6.0
2.75  1.0  1.75 6.0 6.0
2.75  1.0 2.0 6.0 0.0

// navpicna 38
2.75 1.0 1.75 1.0 1.0
2.75 -0.5 1.75  1.0 1.0
2.75 -0.5 3.0 1.0 1.0

2.75 1.0 1.75  1.0 1.0
2.75 1.0 3.0 1.0 1.0
2.75 -0.5 3.0 1.0 1.0

// navpicna 38
2.5 1.0 1.75  1.0 1.0
2.5 -0.5 1.75  1.0 1.0
2.5 -0.5 3.0 1.0 1.0

2.5 1.0 1.75  1.0 1.0
2.5 1.0 3.0 1.0 1.0
2.5 -0.5 3.0 1.0 1.0

// navpicna 38 zg 
2.5 1.0 1.75 1.0 1.0
2.75 1.0 1.75 1.0 1.0
2.75 1.0 3.0 1.0 1.0

2.5 1.0 1.75  1.0 1.0
2.5 1.0 3.0 1.0 1.0
2.75 1.0 3.0 1.0 1.0

// level 3 vodoravna 20
2.5 1.0  3.0 0.0 1.0
2.5 -0.5  3.0 0.0 0.0
6.0 -0.5 3.0 1.5 0.0

2.5  1.0  3.0 0.0 1.0
6.0  1.0  3.0 1.5 1.0
6.0  -0.5  3.0 1.5 0.0

// level 3 vodoravna 20
2.5 1.0  2.75 0.0 1.0
2.5 -0.5  2.75 0.0 0.0
6.0  -0.5 2.75 1.5 0.0

2.5  1.0  2.75 0.0 1.0
6.0  1.0  2.75 1.5 1.0
6.0  -0.5  2.75 1.5 0.0

// level 3 vodoravna 20 zg
2.5 1.0  2.75 0.0 6.0
2.5 1.0 3.0 0.0 0.0
6.0  1.0 3.0 6.0 0.0

2.5 1.0  2.75 0.0 6.0
6.0  1.0  2.75 6.0 6.0
6.0  1.0 3.0 6.0 0.0

// navpicna 39
5.75 1.0 1.75 1.0 1.0
5.75 -0.5 1.75  1.0 1.0
5.75 -0.5 3.0 1.0 1.0

5.75 1.0 1.75  1.0 1.0
5.75 1.0 3.0 1.0 1.0
5.75 -0.5 3.0 1.0 1.0

// navpicna 39
6.0 1.0 1.75  1.0 1.0
6.0 -0.5 1.75  1.0 1.0
6.0 -0.5 3.0 1.0 1.0

6.0 1.0 1.75  1.0 1.0
6.0 1.0 3.0 1.0 1.0
6.0 -0.5 3.0 1.0 1.0

// navpicna 39 zg 
6.0 1.0 1.75 1.0 1.0
5.75 1.0 1.75 1.0 1.0
5.75 1.0 3.0 1.0 1.0

6.0 1.0 1.75  1.0 1.0
6.0 1.0 3.0 1.0 1.0
5.75 1.0 3.0 1.0 1.0

// level 3 vodoravna 18
3.75 1.0  2.0 0.0 1.0
3.75 -0.5  2.0 0.0 0.0
6.0 -0.5 2.0 1.5 0.0

3.75  1.0  2.0 0.0 1.0
6.0  1.0  2.0 1.5 1.0
6.0  -0.5  2.0 1.5 0.0

// level 3 vodoravna 18
3.75 1.0  1.75 0.0 1.0
3.75 -0.5  1.75 0.0 0.0
6.0  -0.5 1.75 1.5 0.0

3.75  1.0  1.75 0.0 1.0
6.0  1.0  1.75 1.5 1.0
6.0  -0.5  1.75 1.5 0.0

// level 3 vodoravna 18 zg
3.75 1.0  1.75 0.0 6.0
3.75 1.0 2.0 0.0 0.0
6.0  1.0 2.0 6.0 0.0

3.75 1.0  1.75 0.0 6.0
6.0  1.0  1.75 6.0 6.0
6.0  1.0 2.0 6.0 0.0

// navpicna 34
3.5 1.0 -0.25 1.0 1.0
3.5 -0.5 -0.25  1.0 1.0
3.5 -0.5 2.0 1.0 1.0

3.5 1.0 -0.25  1.0 1.0
3.5 1.0 2.0 1.0 1.0
3.5 -0.5 2.0 1.0 1.0

// navpicna 34
3.75 1.0 -0.25  1.0 1.0
3.75 -0.5 -0.25  1.0 1.0
3.75 -0.5 2.0 1.0 1.0

3.75 1.0 -0.25 1.0 1.0
3.75 1.0 2.0 1.0 1.0
3.75 -0.5 2.0 1.0 1.0

// navpicna 34 zg 
3.75 1.0 -0.25 1.0 1.0
3.5 1.0 -0.25 1.0 1.0
3.5 1.0 2.0 1.0 1.0

3.75 1.0 -0.25 1.0 1.0
3.75 1.0 2.0 1.0 1.0
3.5 1.0 2.0 1.0 1.0



// navpicna 40
-1.5 1.0 3.0 1.0 1.0
-1.5 -0.5 3.0  1.0 1.0
-1.5 -0.5 4.0 1.0 1.0

-1.5 1.0 3.0  1.0 1.0
-1.5 1.0 4.0 1.0 1.0
-1.5 -0.5 4.0 1.0 1.0

// navpicna 40
-1.25 1.0 3.0  1.0 1.0
-1.25 -0.5 3.0  1.0 1.0
-1.25 -0.5 4.0 1.0 1.0

-1.25 1.0 3.0 1.0 1.0
-1.25 1.0 4.0 1.0 1.0
-1.25 -0.5 4.0 1.0 1.0

// navpicna 40 zg 
-1.25 1.0 3.0 1.0 1.0
-1.5 1.0 3.0 1.0 1.0
-1.5 1.0 4.0 1.0 1.0

-1.25 1.0 3.0 1.0 1.0
-1.25 1.0 4.0 1.0 1.0
-1.5 1.0 4.0 1.0 1.0



// level 1 vodoravna 1
-6.25 1.0  -2.75 0.0 1.0
-6.25 -0.5  -2.75 0.0 0.0
-3.0  -0.5 -2.75 1.5 0.0

-6.25  1.0  -2.75 0.0 1.0
-3.0 1.0  -2.75 1.5 1.0
-3.0 -0.5  -2.75 1.5 0.0

// level 1 vodoravna 1
-6.25 1.0  -2.5 0.0 1.0
-6.25 -0.5  -2.5 0.0 0.0
-3.0  -0.5 -2.5 1.5 0.0

-6.25  1.0  -2.5 0.0 1.0
-3.0 1.0  -2.5 1.5 1.0
-3.0 -0.5  -2.5 1.5 0.0

// level 1 vodoravna 1 zg
-6.25 1.0  -2.75 0.0 6.0
-6.25 1.0 -2.5 0.0 0.0
-3.0 1.0 -2.5 6.0 0.0

-6.25 1.0  -2.75 0.0 6.0
-3.0 1.0  -2.75 6.0 6.0
-3.0 1.0 -2.5 6.0 0.0

// navpicna 22
-3.25 1.0 -4.0 1.0 1.0
-3.25 -0.5 -4.0 1.0 1.0
-3.25 -0.5 -2.5 1.0 1.0

-3.25 1.0 -4.0 1.0 1.0
-3.25 1.0 -2.5 1.0 1.0
-3.25 -0.5 -2.5 1.0 1.0

// navpicna 22
-3.0 1.0 -4.0 1.0 1.0
-3.0 -0.5 -4.0 1.0 1.0
-3.0 -0.5 -2.5 1.0 1.0

-3.0 1.0 -4.0 1.0 1.0
-3.0 1.0 -2.5 1.0 1.0
-3.0 -0.5 -2.5 1.0 1.0

// navpicna 22 zg
-3.25 1.0 -4.0 1.0 1.0
-3.0 1.0 -4.0 1.0 1.0
-3.0 1.0 -2.5 1.0 1.0

-3.25 1.0 -4.0 1.0 1.0
-3.25 1.0 -2.5 1.0 1.0
-3.0 1.0 -2.5 1.0 1.0

// navpicna 26
-6.25 1.0 -2.75 1.0 1.0
-6.25 -0.5 -2.75 1.0 1.0
-6.25 -0.5 -1.25 1.0 1.0

-6.25 1.0 -2.75 1.0 1.0
-6.25 1.0 -1.25 1.0 1.0
-6.25 -0.5 -1.25 1.0 1.0

// navpicna 26
-6.0 1.0 -2.75 1.0 1.0
-6.0 -0.5 -2.75 1.0 1.0
-6.0 -0.5 -1.25 1.0 1.0

-6.0 1.0 -2.75 1.0 1.0
-6.0 1.0 -1.25 1.0 1.0
-6.0 -0.5 -1.25 1.0 1.0

// navpicna 26 zg
-6.25 1.0 -2.75 1.0 1.0
-6.0 1.0 -2.75 1.0 1.0
-6.0 1.0 -2.25 1.0 1.0

-6.25 1.0 -2.75 1.0 1.0
-6.25 1.0 -1.25 1.0 1.0
-6.0 1.0 -1.25 1.0 1.0

// level 3 vodoravna 6
-6.25 1.0  -1.5 0.0 1.0
-6.25 -0.5  -1.5 0.0 0.0
-5.0  -0.5 -1.5 1.5 0.0

-6.25  1.0  -1.5 0.0 1.0
-5.0 1.0  -1.5 1.5 1.0
-5.0 -0.5  -1.5 1.5 0.0

// level 3 vodoravna 6
-6.25 1.0  -1.25 0.0 1.0
-6.25 -0.5  -1.25 0.0 0.0
-5.0  -0.5 -1.25 1.5 0.0

-6.25  1.0  -1.25 0.0 1.0
-5.0 1.0  -1.25 1.5 1.0
-5.0 -0.5  -1.25 1.5 0.0

// level 3 vodoravna 6 zg
-6.25 1.0  -1.5 0.0 6.0
-6.25 1.0 -1.25 0.0 0.0
-5.0 1.0 -1.25 6.0 0.0

-6.25 1.0  -1.5 0.0 6.0
-5.0 1.0  -1.5 6.0 6.0
-5.0 1.0 -1.25 6.0 0.0

// vodoravna 6 desno
-5.0 1.0 -1.5 1.0 1.0
-5.0 -0.5 -1.5 1.0 1.0
-5.0 -0.5 -1.25 1.0 1.0

-5.0 1.0 -1.5 1.0 1.0
-5.0 1.0 -1.25 1.0 1.0
-5.0 -0.5 -1.25 1.0 1.0

// level 1 vodoravna 2
-2.0 1.0  -2.75 0.0 1.0
-2.0 -0.5  -2.75 0.0 0.0
-0.75  -0.5 -2.75 1.5 0.0

-2.0  1.0  -2.75 0.0 1.0
-0.75 1.0  -2.75 1.5 1.0
-0.75 -0.5  -2.75 1.5 0.0

// level 1 vodoravna 2
-2.0 1.0  -2.5 0.0 1.0
-2.0 -0.5  -2.5 0.0 0.0
-0.75  -0.5 -2.5 1.5 0.0

-2.0  1.0  -2.5 0.0 1.0
-0.75 1.0  -2.5 1.5 1.0
-0.75 -0.5  -2.5 1.5 0.0

// level 1 vodoravna 2 zg
-2.0 1.0  -2.75 0.0 6.0
-2.0 1.0 -2.5 0.0 0.0
-0.75 1.0 -2.5 6.0 0.0

-2.0 1.0  -2.75 0.0 6.0
-0.75 1.0  -2.75 6.0 6.0
-0.75 1.0 -2.5 6.0 0.0

// level 3 vodoravna 7
-4.0 1.0  -1.5 0.0 1.0
-4.0 -0.5  -1.5 0.0 0.0
-1.75  -0.5 -1.5 1.5 0.0

-4.0  1.0  -1.5 0.0 1.0
-1.75 1.0  -1.5 1.5 1.0
-1.75 -0.5  -1.5 1.5 0.0

// level 3 vodoravna 7
-4.0 1.0  -1.25 0.0 1.0
-4.0 -0.5  -1.25 0.0 0.0
-1.75  -0.5 -1.25 1.5 0.0

-4.0  1.0  -1.25 0.0 1.0
-1.75 1.0  -1.25 1.5 1.0
-1.75 -0.5  -1.25 1.5 0.0

// level 3 vodoravna 7 zg
-4.0 1.0  -1.5 0.0 6.0
-4.0 1.0 -1.25 0.0 0.0
-1.75 1.0 -1.25 6.0 0.0

-4.0 1.0  -1.5 0.0 6.0
-1.75 1.0  -1.5 6.0 6.0
-1.75 1.0 -1.25 6.0 0.0

// vodoravna 7 levo
-4.0 1.0 -1.5 1.0 1.0
-4.0 -0.5 -1.5 1.0 1.0
-4.0 -0.5 -1.25 1.0 1.0

-4.0 1.0 -1.5 1.0 1.0
-4.0 1.0 -1.25 1.0 1.0
-4.0 -0.5 -1.25 1.0 1.0

// navpicna 23
-1.0 1.0 -4.0 1.0 1.0
-1.0 -0.5 -4.0 1.0 1.0
-1.0 -0.5 -2.5 1.0 1.0

-1.0 1.0 -4.0 1.0 1.0
-1.0 1.0 -2.5 1.0 1.0
-1.0 -0.5 -2.5 1.0 1.0

// navpicna 23
-0.75 1.0 -4.0 1.0 1.0
-0.75 -0.5 -4.0 1.0 1.0
-0.75 -0.5 -2.5 1.0 1.0

-0.75 1.0 -4.0 1.0 1.0
-0.75 1.0 -2.5 1.0 1.0
-0.75 -0.5 -2.5 1.0 1.0

// navpicna 23 zg
-1.0 1.0 -4.0 1.0 1.0
-0.75 1.0 -4.0 1.0 1.0
-0.75 1.0 -2.5 1.0 1.0

-1.0 1.0 -4.0 1.0 1.0
-1.0 1.0 -2.5 1.0 1.0
-0.75 1.0 -2.5 1.0 1.0

// navpicna 27
-2.0 1.0 -2.75 1.0 1.0
-2.0 -0.5 -2.75 1.0 1.0
-2.0 -0.5 -1.25 1.0 1.0

-2.0 1.0 -2.75 1.0 1.0
-2.0 1.0 -1.25 1.0 1.0
-2.0 -0.5 -1.25 1.0 1.0

// navpicna 27
-1.75 1.0 -2.75 1.0 1.0
-1.75 -0.5 -2.75 1.0 1.0
-1.75 -0.5 -1.25 1.0 1.0

-1.75 1.0 -2.75 1.0 1.0
-1.75 1.0 -1.25 1.0 1.0
-1.75 -0.5 -1.25 1.0 1.0

// navpicna 27 zg
-2.0 1.0 -2.75 1.0 1.0
-1.75 1.0 -2.75 1.0 1.0
-1.75 1.0 -2.25 1.0 1.0

-2.0 1.0 -2.75 1.0 1.0
-2.0 1.0 -1.25 1.0 1.0
-1.75 1.0 -1.25 1.0 1.0

// level 1 vodoravna 3
2.5 1.0  -2.75 0.0 1.0
2.5 -0.5  -2.75 0.0 0.0
3.75  -0.5 -2.75 1.5 0.0

2.5  1.0  -2.75 0.0 1.0
3.75 1.0  -2.75 1.5 1.0
3.75 -0.5  -2.75 1.5 0.0

// level 1 vodoravna 3
2.5 1.0  -2.5 0.0 1.0
2.5 -0.5  -2.5 0.0 0.0
3.75  -0.5 -2.5 1.5 0.0

2.5  1.0  -2.5 0.0 1.0
3.75 1.0  -2.5 1.5 1.0
3.75 -0.5  -2.5 1.5 0.0

// level 1 vodoravna 3 zg
2.5 1.0  -2.75 0.0 6.0
2.5 1.0 -2.5 0.0 0.0
3.75 1.0 -2.5 6.0 0.0

2.5 1.0  -2.75 0.0 6.0
3.75 1.0  -2.75 6.0 6.0
3.75 1.0 -2.5 6.0 0.0

// vodoravna 3 levo
2.5 1.0 -2.75 1.0 1.0
2.5 -0.5 -2.75 1.0 1.0
2.5 -0.5 -2.5 1.0 1.0

2.5 1.0 -2.75 1.0 1.0
2.5 1.0 -2.5 1.0 1.0
2.5 -0.5 -2.5 1.0 1.0

// navpicna 24
3.5 1.0 -4.0 1.0 1.0
3.5 -0.5 -4.0 1.0 1.0
3.5 -0.5 -2.5 1.0 1.0

3.5 1.0 -4.0 1.0 1.0
3.5 1.0 -2.5 1.0 1.0
3.5 -0.5 -2.5 1.0 1.0

// navpicna 24
3.75 1.0 -4.0 1.0 1.0
3.75 -0.5 -4.0 1.0 1.0
3.75 -0.5 -2.5 1.0 1.0

3.75 1.0 -4.0 1.0 1.0
3.75 1.0 -2.5 1.0 1.0
3.75 -0.5 -2.5 1.0 1.0

// navpicna 24 zg
3.5 1.0 -4.0 1.0 1.0
3.75 1.0 -4.0 1.0 1.0
3.75 1.0 -2.5 1.0 1.0

3.5 1.0 -4.0 1.0 1.0
3.5 1.0 -2.5 1.0 1.0
3.75 1.0 -2.5 1.0 1.0

// navpicna 25
4.75 1.0 -4.0 1.0 1.0
4.75 -0.5 -4.0 1.0 1.0
4.75 -0.5 -2.5 1.0 1.0

4.75 1.0 -4.0 1.0 1.0
4.75 1.0 -2.5 1.0 1.0
4.75 -0.5 -2.5 1.0 1.0

// navpicna 25
5.0 1.0 -4.0 1.0 1.0
5.0 -0.5 -4.0 1.0 1.0
5.0 -0.5 -2.5 1.0 1.0

5.0 1.0 -4.0 1.0 1.0
5.0 1.0 -2.5 1.0 1.0
5.0 -0.5 -2.5 1.0 1.0

// navpicna 25 zg
4.75 1.0 -4.0 1.0 1.0
5.0 1.0 -4.0 1.0 1.0
5.0 1.0 -2.5 1.0 1.0

4.75 1.0 -4.0 1.0 1.0
4.75 1.0 -2.5 1.0 1.0
5.0 1.0 -2.5 1.0 1.0

// level 1 vodoravna 4
4.75 1.0  -2.75 0.0 1.0
4.75 -0.5  -2.75 0.0 0.0
5.75  -0.5 -2.75 1.5 0.0

4.75  1.0  -2.75 0.0 1.0
5.75 1.0  -2.75 1.5 1.0
5.75 -0.5  -2.75 1.5 0.0

// level 1 vodoravna 4
4.75 1.0  -2.5 0.0 1.0
4.75 -0.5  -2.5 0.0 0.0
5.75  -0.5 -2.5 1.5 0.0

4.75  1.0  -2.5 0.0 1.0
5.75 1.0  -2.5 1.5 1.0
5.75 -0.5  -2.5 1.5 0.0

// level 1 vodoravna 4 zg
4.75 1.0  -2.75 0.0 6.0
4.75 1.0 -2.5 0.0 0.0
5.75 1.0 -2.5 6.0 0.0

4.75 1.0  -2.75 0.0 6.0
5.75 1.0  -2.75 6.0 6.0
5.75 1.0 -2.5 6.0 0.0

// vodoravna 4 desno
5.75 1.0 -2.75 1.0 1.0
5.75 -0.5 -2.75 1.0 1.0
5.75 -0.5 -2.5 1.0 1.0

5.75 1.0 -2.75 1.0 1.0
5.75 1.0 -2.5 1.0 1.0
5.75 -0.5 -2.5 1.0 1.0

// level 3 vodoravna 10
-7.0 1.0  -0.25 0.0 1.0
-7.0 -0.5  -0.25 0.0 0.0
-3.75 -0.5 -0.25 1.5 0.0

-7.0  1.0  -0.25 0.0 1.0
-3.75  1.0  -0.25 1.5 1.0
-3.75  -0.5  -0.25 1.5 0.0

// level 3 vodoravna 10
-7.0 1.0  0.0 0.0 1.0
-7.0 -0.5  0.0 0.0 0.0
-3.75  -0.5 0.0 1.5 0.0

-7.0  1.0  0.0 0.0 1.0
-3.75  1.0  0.0 1.5 1.0
-3.75  -0.5  0.0 1.5 0.0

// level 3 vodoravna 10 zg
-7.0 1.0  -0.25 0.0 6.0
-7.0 1.0 0.0 0.0 0.0
-3.75  1.0 0.0 6.0 0.0

-7.0 1.0  -0.25 0.0 6.0
-3.75  1.0  -0.25 6.0 6.0
-3.75  1.0 0.0 6.0 0.0

// navpicna 32
-4.0 1.0 -0.25 1.0 1.0
-4.0 -0.5 -0.25  1.0 1.0
-4.0 -0.5 1.0 1.0 1.0

-4.0 1.0 -0.25  1.0 1.0
-4.0 1.0 1.0 1.0 1.0
-4.0 -0.5 1.0 1.0 1.0

// navpicna 32
-3.75 1.0 -0.25  1.0 1.0
-3.75 -0.5 -0.25  1.0 1.0
-3.75 -0.5 1.0 1.0 1.0

-3.75 1.0 -0.25  1.0 1.0
-3.75 1.0 1.0 1.0 1.0
-3.75 -0.5 1.0 1.0 1.0

// navpicna 32 zg 
-3.75 1.0 -0.25 1.0 1.0
-4.0 1.0 -0.25 1.0 1.0
-4.0 1.0 1.0 1.0 1.0

-3.75 1.0 -0.25  1.0 1.0
-3.75 1.0 1.0 1.0 1.0
-4.0 1.0 1.0 1.0 1.0

// level 3 vodoravna 16
-6.0 1.0  0.75 0.0 1.0
-6.0 -0.5  0.75 0.0 0.0
-3.75 -0.5 0.75 1.5 0.0

-6.0  1.0  0.75 0.0 1.0
-3.75  1.0  0.75 1.5 1.0
-3.75  -0.5  0.75 1.5 0.0

// level 3 vodoravna 16
-6.0 1.0  1.0 0.0 1.0
-6.0 -0.5  1.0 0.0 0.0
-3.75  -0.5 1.0 1.5 0.0

-6.0  1.0  1.0 0.0 1.0
-3.75  1.0  1.0 1.5 1.0
-3.75  -0.5  1.0 1.5 0.0

// level 3 vodoravna 16 zg
-6.0 1.0  1.0 0.0 6.0
-6.0 1.0 0.75 0.0 0.0
-3.75  1.0 0.75 6.0 0.0

-6.0 1.0  1.0 0.0 6.0
-3.75  1.0  1.0 6.0 6.0
-3.75  1.0 0.75 6.0 0.0

// navpicna 35
-6.0 1.0 0.75 1.0 1.0
-6.0 -0.5 0.75  1.0 1.0
-6.0 -0.5 3.0 1.0 1.0

-6.0 1.0 0.75  1.0 1.0
-6.0 1.0 3.0 1.0 1.0
-6.0 -0.5 3.0 1.0 1.0

// navpicna 35
-5.75 1.0 0.75  1.0 1.0
-5.75 -0.5 0.75  1.0 1.0
-5.75 -0.5 3.0 1.0 1.0

-5.75 1.0 0.75  1.0 1.0
-5.75 1.0 3.0 1.0 1.0
-5.75 -0.5 3.0 1.0 1.0

// navpicna 35 zg 
-5.75 1.0 0.75 1.0 1.0
-6.0 1.0 0.75 1.0 1.0
-6.0 1.0 3.0 1.0 1.0

-5.75 1.0 0.75  1.0 1.0
-5.75 1.0 3.0 1.0 1.0
-6.0 1.0 3.0 1.0 1.0

// level 3 vodoravna 19
-6.0 1.0  2.75 0.0 1.0
-6.0 -0.5  2.75 0.0 0.0
-3.75 -0.5 2.75 1.5 0.0

-6.0  1.0  2.75 0.0 1.0
-3.75  1.0  2.75 1.5 1.0
-3.75  -0.5  2.75 1.5 0.0

// level 3 vodoravna 19
-6.0 1.0  3.0 0.0 1.0
-6.0 -0.5  3.0 0.0 0.0
-3.75  -0.5 3.0 1.5 0.0

-6.0  1.0  3.0 0.0 1.0
-3.75  1.0  3.0 1.5 1.0
-3.75  -0.5  3.0 1.5 0.0

// level 3 vodoravna 19 zg
-6.0 1.0  2.75 0.0 6.0
-6.0 1.0 3.0 0.0 0.0
-3.75  1.0 3.0 6.0 0.0

-6.0 1.0  2.75 0.0 6.0
-3.75  1.0  2.75 6.0 6.0
-3.75  1.0 3.0 6.0 0.0

// vodoravna 19 desno
-3.75 1.0 3.0 1.0 1.0
-3.75 -0.5 3.0 1.0 1.0
-3.75 -0.5 2.75 1.0 1.0

-3.75 1.0 3.0 1.0 1.0
-3.75 1.0 2.75 1.0 1.0
-3.75 -0.5 2.75 1.0 1.0

// level 3 vodoravna 13
5.0 1.0  0.5 0.0 1.0
5.0 -0.5  0.5 0.0 0.0
7.0 -0.5 0.5 1.5 0.0

5.0  1.0  0.5 0.0 1.0
7.0  1.0  0.5 1.5 1.0
7.0  -0.5  0.5 1.5 0.0

// level 3 vodoravna 13
5.0 1.0  0.75 0.0 1.0
5.0 -0.5  0.75 0.0 0.0
7.0  -0.5 0.75 1.5 0.0

5.0  1.0  0.75 0.0 1.0
7.0  1.0  0.75 1.5 1.0
7.0  -0.5  0.75 1.5 0.0

// level 3 vodoravna 13 zg
5.0 1.0  0.5 0.0 6.0
5.0 1.0 0.75 0.0 0.0
7.0  1.0 0.75 6.0 0.0

5.0 1.0  0.5 0.0 6.0
7.0  1.0  0.5 6.0 6.0
7.0  1.0 0.75 6.0 0.0

// navpicna 31
5.25 1.0 -0.25 1.0 1.0
5.25 -0.5 -0.25  1.0 1.0
5.25 -0.5 0.75 1.0 1.0

5.25 1.0 -0.25  1.0 1.0
5.25 1.0 0.75 1.0 1.0
5.25 -0.5 0.75 1.0 1.0

// navpicna 31
5.0 1.0 -0.25  1.0 1.0
5.0 -0.5 -0.25  1.0 1.0
5.0 -0.5 0.75 1.0 1.0

5.0 1.0 -0.25 1.0 1.0
5.0 1.0 0.75 1.0 1.0
5.0 -0.5 0.75 1.0 1.0

// navpicna 31 zg 
5.0 1.0 -0.25 1.0 1.0
5.25 1.0 -0.25 1.0 1.0
5.25 1.0 0.75 1.0 1.0

5.0 1.0 -0.25 1.0 1.0
5.0 1.0 0.75 1.0 1.0
5.25 1.0 0.75 1.0 1.0

// navpicna 31 zadaj
5.25 1.0 -0.25 1.0 1.0
5.25 -0.5 -0.25 1.0 1.0
5.0 -0.5 -0.25 1.0 1.0

5.25 1.0 -0.25 1.0 1.0
5.0 1.0 -0.25 1.0 1.0
5.0 -0.5 -0.25 1.0 1.0












// level 3 vodoravna 8
1.25 1.0  -1.5 0.0 1.0
1.25 -0.5  -1.5 0.0 0.0
7.0 -0.5 -1.5 1.5 0.0

1.25  1.0  -1.5 0.0 1.0
7.0  1.0  -1.5 1.5 1.0
7.0  -0.5  -1.5 1.5 0.0

// level 3 vodoravna 8
1.25 1.0  -1.25 0.0 1.0
1.25 -0.5  -1.25 0.0 0.0
7.0  -0.5 -1.25 1.5 0.0

1.25  1.0  -1.25 0.0 1.0
7.0  1.0  -1.25 1.5 1.0
7.0  -0.5  -1.25 1.5 0.0

// level 3 vodoravna 8 zg
1.25 1.0  -1.5 0.0 6.0
1.25 1.0 -1.25 0.0 0.0
7.0  1.0 -1.25 6.0 0.0

1.25 1.0  -1.5 0.0 6.0
7.0  1.0  -1.5 6.0 6.0
7.0  1.0 -1.25 6.0 0.0

// navpicna 29
1.25 1.0 -2.5 1.0 1.0
1.25 -0.5 -2.5 1.0 1.0
1.25 -0.5 -1.25 1.0 1.0

1.25 1.0 -2.5 1.0 1.0
1.25 1.0 -1.25 1.0 1.0
1.25 -0.5 -1.25 1.0 1.0

// navpicna 29
1.5 1.0 -2.5 1.0 1.0
1.5 -0.5 -2.5 1.0 1.0
1.5 -0.5 -1.25 1.0 1.0

1.5 1.0 -2.5 1.0 1.0
1.5 1.0 -1.25 1.0 1.0
1.5 -0.5 -1.25 1.0 1.0

// navpicna 29 zg 
1.25 1.0 -2.5 1.0 1.0
1.5 1.0 -2.5 1.0 1.0
1.5 1.0 -1.25 1.0 1.0

1.25 1.0 -2.5 1.0 1.0
1.25 1.0 -1.25 1.0 1.0
1.5 1.0 -1.25 1.0 1.0

// level 2 vodoravna 5
0.25 1.0  -2.5 0.0 1.0
0.25 -0.5  -2.5 0.0 0.0
1.25  -0.5 -2.5 1.5 0.0

0.25  1.0  -2.5 0.0 1.0
1.25 1.0  -2.5 1.5 1.0
1.25 -0.5  -2.5 1.5 0.0

// level 2 vodoravna 5
0.25 1.0  -2.25 0.0 1.0
0.25 -0.5  -2.25 0.0 0.0
1.25  -0.5 -2.25 1.5 0.0

0.25  1.0  -2.25 0.0 1.0
1.25 1.0  -2.25 1.5 1.0
1.25 -0.5  -2.25 1.5 0.0

// level 2 vodoravna 5 zg
0.25 1.0  -2.5 0.0 6.0
0.25 1.0 -2.25 0.0 0.0
1.25 1.0 -2.25 6.0 0.0

0.25 1.0  -2.5 0.0 6.0
1.25 1.0  -2.5 6.0 6.0
1.25 1.0 -2.25 6.0 0.0

// navpicna 28
0.25 1.0 -2.5 1.0 1.0
0.25 -0.5 -2.5 1.0 1.0
0.25 -0.5 -1.0 1.0 1.0

0.25 1.0 -2.5 1.0 1.0
0.25 1.0 -1.0 1.0 1.0
0.25 -0.5 -1.0 1.0 1.0

// navpicna 28
0.5 1.0 -2.5 1.0 1.0
0.5 -0.5 -2.5 1.0 1.0
0.5 -0.5 -1.0 1.0 1.0

0.5 1.0 -2.5 1.0 1.0
0.5 1.0 -1.0 1.0 1.0
0.5 -0.5 -1.0 1.0 1.0

// navpicna 28 zg 
0.25 1.0 -2.5 1.0 1.0
0.5 1.0 -2.5 1.0 1.0
0.5 1.0 -1.0 1.0 1.0

0.25 1.0 -2.5 1.0 1.0
0.25 1.0 -1.0 1.0 1.0
0.5 1.0 -1.0 1.0 1.0

// level 3 vodoravna 9
-0.75 1.0  -1.25 0.0 1.0
-0.75 -0.5  -1.25 0.0 0.0
0.5  -0.5 -1.25 1.25 0.0

-0.75  1.0  -1.25 0.0 1.0
0.5 1.0  -1.25 1.25 1.0
0.5 -0.5  -1.25 1.25 0.0

// level 3 vodoravna 9
-0.75 1.0  -1.0 0.0 1.0
-0.75 -0.5  -1.0 0.0 0.0
0.5  -0.5 -1.0 1.5 0.0

-0.75  1.0  -1.0 0.0 1.0
0.5  1.0  -1.0 1.5 1.0
0.5  -0.5  -1.0 1.5 0.0

// level 3 vodoravna 9 zg
-0.75 1.0  -1.25 0.0 6.0
-0.75 1.0 -1.0 0.0 0.0
0.5  1.0 -1.0 6.0 0.0

-0.75 1.0  -1.25 0.0 6.0
0.5  1.0 -1.25 6.0 6.0
0.5  1.0 -1.0 6.0 0.0

// navpicna 30
-0.75 1.0 -1.25 1.0 1.0
-0.75 -0.5 -1.25  1.0 1.0
-0.75 -0.5 0.0 1.0 1.0

-0.75 1.0 -1.25  1.0 1.0
-0.75 1.0 0.0 1.0 1.0
-0.75 -0.5 0.0 1.0 1.0

// navpicna 30
-0.5 1.0 -1.25  1.0 1.0
-0.5 -0.5 -1.25  1.0 1.0
-0.5 -0.5 0.0 1.0 1.0

-0.5 1.0 -1.25  1.0 1.0
-0.5 1.0 0.0 1.0 1.0
-0.5 -0.5 0.0 1.0 1.0

// navpicna 30 zg 
-0.5 1.0 -1.25 1.0 1.0
-0.75 1.0 -1.25 1.0 1.0
-0.75 1.0 0.0 1.0 1.0

-0.5 1.0 -1.25  1.0 1.0
-0.5 1.0 0.0 1.0 1.0
-0.75 1.0 0.0 1.0 1.0

// level 3 vodoravna 11
-1.75 1.0  -0.25 0.0 1.0
-1.75 -0.5  -0.25 0.0 0.0
-0.5 -0.5 -0.25 1.5 0.0

-1.75  1.0  -0.25 0.0 1.0
-0.5  1.0  -0.25 1.5 1.0
-0.5  -0.5  -0.25 1.5 0.0

// level 3 vodoravna 11
-1.75 1.0  0.0 0.0 1.0
-1.75 -0.5  0.0 0.0 0.0
-0.5  -0.5 0.0 1.5 0.0

-1.75  1.0  0.0 0.0 1.0
-0.5  1.0  0.0 1.5 1.0
-0.5  -0.5  0.0 1.5 0.0

// level 3 vodoravna 11 zg
-1.75 1.0  -0.25 0.0 6.0
-1.75 1.0 0.0 0.0 0.0
-0.5  1.0 0.0 6.0 0.0

-1.75 1.0  -0.25 0.0 6.0
-0.5  1.0  -0.25 6.0 6.0
-0.5  1.0 0.0 6.0 0.0

// navpicna 33
-1.75 1.0 -0.25 1.0 1.0
-1.75 -0.5 -0.25  1.0 1.0
-1.75 -0.5 1.0 1.0 1.0

-1.75 1.0 -0.25  1.0 1.0
-1.75 1.0 1.0 1.0 1.0
-1.75 -0.5 1.0 1.0 1.0

// navpicna 33
-1.5 1.0 -0.25  1.0 1.0
-1.5 -0.5 -0.25  1.0 1.0
-1.5 -0.5 1.0 1.0 1.0

-1.5 1.0 -0.25  1.0 1.0
-1.5 1.0 1.0 1.0 1.0
-1.5 -0.5 1.0 1.0 1.0

// navpicna 33 zg 
-1.5 1.0 -0.25 1.0 1.0
-1.75 1.0 -0.25 1.0 1.0
-1.75 1.0 1.0 1.0 1.0

-1.5 1.0 -0.25  1.0 1.0
-1.5 1.0 1.0 1.0 1.0
-1.75 1.0 1.0 1.0 1.0


// level 3 vodoravna 14
-2.75 1.0  0.75 0.0 1.0
-2.75 -0.5  0.75 0.0 0.0
-1.5 -0.5 0.75 1.5 0.0

-2.75  1.0  0.75 0.0 1.0
-1.5  1.0  0.75 1.5 1.0
-1.5  -0.5  0.75 1.5 0.0

// level 3 vodoravna 14
-2.75 1.0  1.0 0.0 1.0
-2.75 -0.5  1.0 0.0 0.0
-1.5  -0.5 1.0 1.5 0.0

-2.75  1.0  1.0 0.0 1.0
-1.5 1.0  1.0 1.5 1.0
-1.5  -0.5  1.0 1.5 0.0

// level 3 vodoravna 14 zg
-2.75 1.0  0.75 0.0 6.0
-2.75 1.0 1.0 0.0 0.0
-1.5  1.0 1.0 6.0 0.0

-2.75 1.0  0.75 0.0 6.0
-1.5  1.0  0.75 6.0 6.0
-1.5  1.0 1.0 6.0 0.0


// level 3 vodoravna 15
3.75 1.0 0.75 0.0 1.0
3.75 -0.5 0.75 0.0 0.0
-0.25 -0.5 0.75 0.0 0.0

3.75 1.0 0.75 0.0 1.0
-0.25 1.0 0.75 0.0 1.0
-0.25 -0.5 0.75 0.0 0.0

// level 3 vodoravna 15
3.75 1.0 1.0 0.0 1.0
3.75 -0.5 1.0 0.0 0.0
-0.25 -0.5 1.0 0.0 0.0

3.75 1.0 1.0 0.0 1.0
-0.25 1.0 1.0 0.0 1.0
-0.25 -0.5 1.0 0.0 0.0

// vodoravna 15 leva
-0.25 1.0 1.0 1.0 1.0
-0.25 -0.5 1.0 1.0 1.0
-0.25 -0.5 0.75 1.0 1.0

-0.25 1.0 1.0 1.0 1.0
-0.25 1.0 0.75 1.0 1.0
-0.25 -0.5 0.75 1.0 1.0

// level 3 vodoravna 12
3.75 1.0 -0.25 0.0 1.0
3.75 -0.5 -0.25 0.0 1.0
1.0 -0.5 -0.25 0.0 1.0

3.75 1.0 -0.25 0.0 1.0
1.0 1.0 -0.25 0.0 1.0
1.0 -0.5 -0.25 0.0 1.0

// level 3 vodoravna 12
3.75 1.0 0.0 0.0 1.0
3.75 -0.5 0.0 0.0 1.0
1.0 -0.5 0.0 0.0 1.0

3.75 1.0 0.0 0.0 1.0
1.0 1.0 0.0 0.0 1.0
1.0 -0.5 0.0 0.0 1.0

// vodoravna 12 leva
1.0 1.0 0.0 1.0 1.0
1.0 -0.5 0.0 1.0 1.0
1.0 -0.5 -0.25 1.0 1.0

1.0 1.0 0.0 1.0 1.0
1.0 1.0 -0.25 1.0 1.0
1.0 -0.5 -0.25 1.0 1.0

// level 3 vodoravna 21
1.75 1.0 3.25 1.0 1.0
1.75 -0.5 3.25 1.0 1.0
-1.5 -0.5 3.25 1.0 1.0

1.75 1.0 3.25 1.0 1.0
-1.5 1.0 3.25 1.0 1.0
-1.5 -0.5 3.25 1.0 1.0

// level 3 vodoravna 21
1.75 1.0 3.0 1.0 1.0
1.75 -0.5 3.0 1.0 1.0
-1.5 -0.5 3.0 1.0 1.0

1.75 1.0 3.0 1.0 1.0
-1.5 1.0 3.0 1.0 1.0
-1.5 -0.5 3.0 1.0 1.0

// vodoravna 21 desna
1.75 1.0 3.25 1.0 1.0
1.75 -0.5 3.25 1.0 1.0
1.75 -0.5 3.0 1.0 1.0

1.75 1.0 3.25 1.0 1.0
1.75 1.0 3.0 1.0 1.0
1.75 -0.5 3.0 1.0 1.0

